358    1
2 0.00000e+000 1 7.80000e+000
2 5.46598e+000 1 7.80800e+000
2 1.09320e+001 1 7.86400e+000
2 5.46598e+000 1 7.87200e+000
2 0.00000e+000 1 8.17600e+000
2 1.10217e+001 1 8.18800e+000
2 2.20433e+001 1 8.27800e+000
2 1.10217e+001 1 8.29000e+000
2 0.00000e+000 1 1.11940e+001
2 8.74268e+000 1 1.12080e+001
2 1.74854e+001 1 1.13340e+001
2 8.74268e+000 1 1.13480e+001
2 0.00000e+000 1 1.59140e+001
2 2.52669e-001 1 1.59300e+001
2 5.05338e-001 1 1.60580e+001
2 2.52669e-001 1 1.60740e+001
2 0.00000e+000 1 1.98140e+001
2 3.28024e+000 1 1.98240e+001
2 6.56048e+000 1 1.98980e+001
2 3.28024e+000 1 1.99080e+001
2 0.00000e+000 1 2.54700e+001
2 4.80491e+000 1 2.54800e+001
2 9.60982e+000 1 2.55640e+001
2 4.80491e+000 1 2.55740e+001
2 0.00000e+000 1 3.20300e+001
2 8.67057e+000 1 3.20400e+001
2 1.73411e+001 1 3.21280e+001
2 8.67057e+000 1 3.21380e+001
2 0.00000e+000 1 3.28540e+001
2 8.30571e+000 1 3.28620e+001
2 1.66114e+001 1 3.29180e+001
2 8.30571e+000 1 3.29260e+001
2 0.00000e+000 1 4.84900e+001
2 5.67594e+000 1 4.84980e+001
2 1.13519e+001 1 4.85540e+001
2 5.67594e+000 1 4.85620e+001
2 0.00000e+000 1 5.81000e+001
2 3.28851e+000 1 5.81120e+001
2 6.57703e+000 1 5.82040e+001
2 3.28851e+000 1 5.82160e+001
2 0.00000e+000 1 6.88140e+001
2 2.78314e+000 1 6.88280e+001
2 5.56629e+000 1 6.89360e+001
2 2.78314e+000 1 6.89500e+001
2 0.00000e+000 1 8.03580e+001
2 2.69038e+000 1 8.03680e+001
2 5.38077e+000 1 8.04480e+001
2 2.69038e+000 1 8.04580e+001
2 0.00000e+000 1 8.79440e+001
2 1.97937e+000 1 8.79540e+001
2 3.95874e+000 1 8.80300e+001
2 1.97937e+000 1 8.80400e+001
2 0.00000e+000 1 8.94780e+001
2 1.70785e+001 1 8.94860e+001
2 3.41569e+001 1 8.95560e+001
2 1.70785e+001 1 8.95640e+001
2 0.00000e+000 1 9.16600e+001
2 7.12288e+000 1 9.16740e+001
2 1.42458e+001 1 9.17960e+001
2 7.12288e+000 1 9.18100e+001
2 0.00000e+000 1 9.83940e+001
2 1.91357e+001 1 9.84060e+001
2 3.82714e+001 1 9.85060e+001
2 1.91357e+001 1 9.85180e+001
2 0.00000e+000 1 1.03660e+002
2 6.92202e+000 1 1.03668e+002
2 1.38440e+001 1 1.03734e+002
2 6.92202e+000 1 1.03742e+002
2 0.00000e+000 1 1.04080e+002
2 3.91949e+000 1 1.04096e+002
2 7.83897e+000 1 1.04228e+002
2 3.91949e+000 1 1.04244e+002
2 0.00000e+000 1 1.04718e+002
2 1.02671e+001 1 1.04730e+002
2 2.05343e+001 1 1.04832e+002
2 1.02671e+001 1 1.04844e+002
2 0.00000e+000 1 1.06884e+002
2 3.79474e+001 1 1.06892e+002
2 7.58948e+001 1 1.06956e+002
2 3.79474e+001 1 1.06964e+002
2 0.00000e+000 1 1.10484e+002
2 7.47313e-001 1 1.10496e+002
2 1.49463e+000 1 1.10602e+002
2 7.47313e-001 1 1.10614e+002
2 0.00000e+000 1 1.14880e+002
2 7.00212e+000 1 1.14892e+002
2 1.40042e+001 1 1.14996e+002
2 7.00212e+000 1 1.15008e+002
2 0.00000e+000 1 1.31280e+002
2 7.08912e+000 1 1.31288e+002
2 1.41782e+001 1 1.31344e+002
2 7.08912e+000 1 1.31352e+002
2 0.00000e+000 1 1.37486e+002
2 3.70413e+001 1 1.37492e+002
2 7.40825e+001 1 1.37538e+002
2 3.70413e+001 1 1.37544e+002
2 0.00000e+000 1 1.40216e+002
2 1.10149e+001 1 1.40224e+002
2 2.20298e+001 1 1.40292e+002
2 1.10149e+001 1 1.40300e+002
2 0.00000e+000 1 1.44666e+002
2 1.51800e+000 1 1.44674e+002
2 3.03599e+000 1 1.44728e+002
2 1.51800e+000 1 1.44736e+002
2 0.00000e+000 1 1.50888e+002
2 6.21232e+000 1 1.50894e+002
2 1.24246e+001 1 1.50944e+002
2 6.21232e+000 1 1.50950e+002
2 0.00000e+000 1 1.52092e+002
2 3.06893e-001 1 1.52106e+002
2 6.13787e-001 1 1.52228e+002
2 3.06893e-001 1 1.52242e+002
2 0.00000e+000 1 1.64194e+002
2 3.67792e+001 1 1.64202e+002
2 7.35584e+001 1 1.64262e+002
2 3.67792e+001 1 1.64270e+002
2 0.00000e+000 1 1.85584e+002
2 4.25392e+000 1 1.85590e+002
2 8.50785e+000 1 1.85638e+002
2 4.25392e+000 1 1.85644e+002
2 0.00000e+000 1 1.91778e+002
2 7.70895e+000 1 1.91792e+002
2 1.54179e+001 1 1.91902e+002
2 7.70895e+000 1 1.91916e+002
2 0.00000e+000 1 1.91978e+002
2 1.52789e+001 1 1.91990e+002
2 3.05579e+001 1 1.92082e+002
2 1.52789e+001 1 1.92094e+002
2 0.00000e+000 1 2.03418e+002
2 1.95912e+000 1 2.03426e+002
2 3.91824e+000 1 2.03496e+002
2 1.95912e+000 1 2.03504e+002
2 0.00000e+000 1 2.09862e+002
2 1.36004e+000 1 2.09872e+002
2 2.72007e+000 1 2.09948e+002
2 1.36004e+000 1 2.09958e+002
2 0.00000e+000 1 2.18134e+002
2 3.70067e+001 1 2.18140e+002
2 7.40135e+001 1 2.18186e+002
2 3.70067e+001 1 2.18192e+002
2 0.00000e+000 1 2.18796e+002
2 3.83622e-002 1 2.18810e+002
2 7.67244e-002 1 2.18934e+002
2 3.83622e-002 1 2.18948e+002
2 0.00000e+000 1 2.22580e+002
2 1.48557e+001 1 2.22594e+002
2 2.97114e+001 1 2.22716e+002
2 1.48557e+001 1 2.22730e+002
2 0.00000e+000 1 2.25802e+002
2 1.06267e+001 1 2.25810e+002
2 2.12533e+001 1 2.25878e+002
2 1.06267e+001 1 2.25886e+002
2 0.00000e+000 1 2.27046e+002
2 1.23709e+001 1 2.27058e+002
2 2.47417e+001 1 2.27152e+002
2 1.23709e+001 1 2.27164e+002
2 0.00000e+000 1 2.39298e+002
2 1.15304e+000 1 2.39306e+002
2 2.30608e+000 1 2.39364e+002
2 1.15304e+000 1 2.39372e+002
2 0.00000e+000 1 2.51778e+002
2 3.23048e+000 1 2.51790e+002
2 6.46097e+000 1 2.51888e+002
2 3.23048e+000 1 2.51900e+002
2 0.00000e+000 1 2.55888e+002
2 1.58152e+001 1 2.55898e+002
2 3.16303e+001 1 2.55972e+002
2 1.58152e+001 1 2.55982e+002
2 0.00000e+000 1 2.77354e+002
2 4.47617e+000 1 2.77366e+002
2 8.95234e+000 1 2.77470e+002
2 4.47617e+000 1 2.77482e+002
2 0.00000e+000 1 2.78444e+002
2 1.38582e+000 1 2.78458e+002
2 2.77163e+000 1 2.78580e+002
2 1.38582e+000 1 2.78594e+002
2 0.00000e+000 1 2.92400e+002
2 2.38096e+000 1 2.92412e+002
2 4.76192e+000 1 2.92506e+002
2 2.38096e+000 1 2.92518e+002
2 0.00000e+000 1 3.02438e+002
2 9.57808e+000 1 3.02454e+002
2 1.91562e+001 1 3.02586e+002
2 9.57808e+000 1 3.02602e+002
2 0.00000e+000 1 3.06456e+002
2 1.91632e+000 1 3.06470e+002
2 3.83264e+000 1 3.06586e+002
2 1.91632e+000 1 3.06600e+002
2 0.00000e+000 1 3.13088e+002
2 1.01827e+000 1 3.13096e+002
2 2.03654e+000 1 3.13154e+002
2 1.01827e+000 1 3.13162e+002
2 0.00000e+000 1 3.33820e+002
2 3.93478e+000 1 3.33834e+002
2 7.86956e+000 1 3.33954e+002
2 3.93478e+000 1 3.33968e+002
2 0.00000e+000 1 3.40810e+002
2 6.48263e+000 1 3.40818e+002
2 1.29653e+001 1 3.40880e+002
2 6.48263e+000 1 3.40888e+002
2 0.00000e+000 1 3.42754e+002
2 8.78940e+000 1 3.42766e+002
2 1.75788e+001 1 3.42868e+002
2 8.78940e+000 1 3.42880e+002
2 0.00000e+000 1 3.45730e+002
2 2.17732e+000 1 3.45742e+002
2 4.35465e+000 1 3.45846e+002
2 2.17732e+000 1 3.45858e+002
2 0.00000e+000 1 3.47154e+002
2 9.37771e+000 1 3.47168e+002
2 1.87554e+001 1 3.47282e+002
2 9.37771e+000 1 3.47296e+002
2 0.00000e+000 1 3.51770e+002
2 6.62859e+000 1 3.51780e+002
2 1.32572e+001 1 3.51858e+002
2 6.62859e+000 1 3.51868e+002
2 0.00000e+000 1 3.55372e+002
2 2.27039e+001 1 3.55382e+002
2 4.54077e+001 1 3.55466e+002
2 2.27039e+001 1 3.55476e+002
2 0.00000e+000 1 3.59632e+002
2 1.58774e+000 1 3.59642e+002
2 3.17548e+000 1 3.59730e+002
2 1.58774e+000 1 3.59740e+002
2 0.00000e+000 1 3.66092e+002
2 1.40685e+001 1 3.66104e+002
2 2.81371e+001 1 3.66202e+002
2 1.40685e+001 1 3.66214e+002
2 0.00000e+000 1 3.66598e+002
2 1.47387e+000 1 3.66606e+002
2 2.94775e+000 1 3.66666e+002
2 1.47387e+000 1 3.66674e+002
2 0.00000e+000 1 3.69180e+002
2 3.85680e+001 1 3.69186e+002
2 7.71360e+001 1 3.69230e+002
2 3.85680e+001 1 3.69236e+002
2 0.00000e+000 1 3.75594e+002
2 1.00089e+000 1 3.75608e+002
2 2.00178e+000 1 3.75724e+002
2 1.00089e+000 1 3.75738e+002
2 0.00000e+000 1 3.76910e+002
2 5.53898e+001 1 3.76922e+002
2 1.10780e+002 1 3.77012e+002
2 5.53898e+001 1 3.77024e+002
2 0.00000e+000 1 3.83548e+002
2 1.09280e+000 1 3.83556e+002
2 2.18560e+000 1 3.83620e+002
2 1.09280e+000 1 3.83628e+002
2 0.00000e+000 1 3.85480e+002
2 6.95798e+000 1 3.85486e+002
2 1.39160e+001 1 3.85540e+002
2 6.95798e+000 1 3.85546e+002
2 0.00000e+000 1 3.91536e+002
2 2.38460e+000 1 3.91544e+002
2 4.76920e+000 1 3.91602e+002
2 2.38460e+000 1 3.91610e+002
2 0.00000e+000 1 3.96362e+002
2 8.19759e+000 1 3.96372e+002
2 1.63952e+001 1 3.96452e+002
2 8.19759e+000 1 3.96462e+002
2 0.00000e+000 1 4.00638e+002
2 2.53045e+001 1 4.00648e+002
2 5.06090e+001 1 4.00728e+002
2 2.53045e+001 1 4.00738e+002
2 0.00000e+000 1 4.05972e+002
2 1.76981e+001 1 4.05978e+002
2 3.53963e+001 1 4.06028e+002
2 1.76981e+001 1 4.06034e+002
2 0.00000e+000 1 4.25492e+002
2 5.01902e+000 1 4.25508e+002
2 1.00380e+001 1 4.25636e+002
2 5.01902e+000 1 4.25652e+002
2 0.00000e+000 1 4.28354e+002
2 8.22109e-002 1 4.28362e+002
2 1.64422e-001 1 4.28418e+002
2 8.22109e-002 1 4.28426e+002
2 0.00000e+000 1 4.31870e+002
2 1.76093e+000 1 4.31880e+002
2 3.52186e+000 1 4.31958e+002
2 1.76093e+000 1 4.31968e+002
2 0.00000e+000 1 4.34386e+002
2 1.43000e+001 1 4.34396e+002
2 2.86000e+001 1 4.34468e+002
2 1.43000e+001 1 4.34478e+002
2 0.00000e+000 1 4.38014e+002
2 4.65811e+001 1 4.38022e+002
2 9.31622e+001 1 4.38080e+002
2 4.65811e+001 1 4.38088e+002
2 0.00000e+000 1 4.40318e+002
2 8.45410e+000 1 4.40332e+002
2 1.69082e+001 1 4.40458e+002
2 8.45410e+000 1 4.40472e+002
2 0.00000e+000 1 4.43746e+002
2 7.65779e+000 1 4.43756e+002
2 1.53156e+001 1 4.43828e+002
2 7.65779e+000 1 4.43838e+002
2 0.00000e+000 1 4.48530e+002
2 4.16221e+000 1 4.48544e+002
2 8.32442e+000 1 4.48654e+002
2 4.16221e+000 1 4.48668e+002
2 0.00000e+000 1 4.57288e+002
2 1.19366e+000 1 4.57298e+002
2 2.38732e+000 1 4.57380e+002
2 1.19366e+000 1 4.57390e+002
2 0.00000e+000 1 4.59790e+002
2 1.32723e+001 1 4.59800e+002
2 2.65447e+001 1 4.59880e+002
2 1.32723e+001 1 4.59890e+002
2 0.00000e+000 1 4.60604e+002
2 1.29091e+000 1 4.60614e+002
2 2.58182e+000 1 4.60704e+002
2 1.29091e+000 1 4.60714e+002
2 0.00000e+000 1 4.64612e+002
2 1.44046e+001 1 4.64620e+002
2 2.88092e+001 1 4.64678e+002
2 1.44046e+001 1 4.64686e+002
2 0.00000e+000 1 4.68914e+002
2 6.94435e+000 1 4.68926e+002
2 1.38887e+001 1 4.69016e+002
2 7.65189e+000 1 4.69028e+002
2 1.41507e+000 1 4.69130e+002
2 7.07534e-001 1 4.69142e+002
2 0.00000e+000 1 4.76480e+002
2 1.13692e+001 1 4.76486e+002
2 2.27384e+001 1 4.76532e+002
2 1.13692e+001 1 4.76538e+002
2 0.00000e+000 1 4.85290e+002
2 4.45174e+000 1 4.85304e+002
2 8.90347e+000 1 4.85424e+002
2 4.45174e+000 1 4.85438e+002
2 0.00000e+000 1 4.87554e+002
2 5.44622e+000 1 4.87568e+002
2 1.08924e+001 1 4.87684e+002
2 5.44622e+000 1 4.87698e+002
2 0.00000e+000 1 4.89632e+002
2 4.32675e-001 1 4.89644e+002
2 8.65350e-001 1 4.89752e+002
2 4.32675e-001 1 4.89764e+002
2 0.00000e+000 1 4.98066e+002
2 6.86540e+000 1 4.98076e+002
2 1.37308e+001 1 4.98162e+002
2 6.86540e+000 1 4.98172e+002
2 0.00000e+000 1 5.08546e+002
2 6.90113e-001 1 5.08552e+002
2 1.38023e+000 1 5.08604e+002
2 6.90113e-001 1 5.08610e+002
2 0.00000e+000 1 5.37830e+002
2 3.64959e+000 1 5.37844e+002
2 7.29919e+000 1 5.37962e+002
2 3.64959e+000 1 5.37976e+002
2 0.00000e+000 1 5.42218e+002
2 9.03453e+000 1 5.42226e+002
2 1.80691e+001 1 5.42288e+002
2 9.03453e+000 1 5.42296e+002
2 0.00000e+000 1 5.58168e+002
2 8.17563e+000 1 5.58178e+002
2 1.63513e+001 1 5.58262e+002
2 8.17563e+000 1 5.58272e+002
1 0.735 1 5.50000e+002
