200 0.0 20.0 100.0
1    0    0
1    0
1.846e+000
1.961e+000
2.066e+000
2.114e+000
2.138e+000
2.148e+000
2.148e+000
2.142e+000
2.132e+000
2.117e+000
2.100e+000
2.080e+000
2.058e+000
2.035e+000
2.010e+000
1.984e+000
1.957e+000
1.929e+000
1.901e+000
1.872e+000
1.842e+000
1.812e+000
1.781e+000
1.750e+000
1.719e+000
1.688e+000
1.656e+000
1.625e+000
1.593e+000
1.561e+000
1.529e+000
1.497e+000
1.465e+000
1.433e+000
1.401e+000
1.369e+000
1.337e+000
1.305e+000
1.273e+000
1.242e+000
1.211e+000
1.179e+000
1.148e+000
1.118e+000
1.087e+000
1.057e+000
1.026e+000
9.964e-001
9.667e-001
9.372e-001
9.080e-001
8.791e-001
8.505e-001
8.221e-001
7.941e-001
7.664e-001
7.390e-001
7.119e-001
6.852e-001
6.588e-001
6.328e-001
6.071e-001
5.819e-001
5.570e-001
5.324e-001
5.083e-001
4.846e-001
4.613e-001
4.385e-001
4.160e-001
3.941e-001
3.725e-001
3.514e-001
3.308e-001
3.107e-001
2.910e-001
2.719e-001
2.532e-001
2.351e-001
2.175e-001
2.004e-001
1.839e-001
1.680e-001
1.526e-001
1.378e-001
1.237e-001
1.101e-001
9.719e-002
8.492e-002
7.332e-002
6.243e-002
5.225e-002
4.281e-002
3.416e-002
2.631e-002
1.932e-002
1.323e-002
8.123e-003
4.081e-003
1.258e-003
0.000e+000
4.679e+000
3.935e+000
2.958e+000
2.260e+000
1.723e+000
1.301e+000
9.697e-001
7.099e-001
5.086e-001
3.549e-001
2.399e-001
1.559e-001
9.647e-002
5.610e-002
3.006e-002
1.440e-002
5.858e-003
1.842e-003
3.619e-004
2.249e-005
0.000e+000
