 200 0.000e+00 2.000e+01 4.000e+01
   1    0    0
1.000e+00    0
1.963e+00
2.059e+00
2.112e+00
2.101e+00
2.064e+00
2.012e+00
1.951e+00
1.883e+00
1.811e+00
1.736e+00
1.659e+00
1.582e+00
1.503e+00
1.424e+00
1.346e+00
1.268e+00
1.190e+00
1.114e+00
1.039e+00
9.650e-01
8.927e-01
8.222e-01
7.535e-01
6.868e-01
6.221e-01
5.598e-01
4.998e-01
4.423e-01
3.874e-01
3.353e-01
2.861e-01
2.400e-01
1.971e-01
1.575e-01
1.216e-01
8.944e-02
6.138e-02
3.774e-02
1.899e-02
5.861e-03
0.000e+00
4.679e+00
3.935e+00
2.958e+00
2.260e+00
1.723e+00
1.301e+00
9.697e-01
7.099e-01
5.086e-01
3.549e-01
2.399e-01
1.559e-01
9.647e-02
5.610e-02
3.006e-02
1.440e-02
5.858e-03
1.842e-03
3.619e-04
2.249e-05
0.000e+00
